1	21.73	20.00	21.90	22.59	21.32	20.82	21.36	23.13
2	21.68	19.97	21.86	22.57	21.25	20.89	21.29	23.13
3	21.63	20.12	21.86	22.55	21.21	21.30	21.23	23.13
4	21.58	20.46	21.93	22.53	21.23	21.95	21.19	23.13
5	21.54	20.95	22.05	22.51	21.36	22.70	21.18	23.12
6	21.55	21.54	22.22	22.50	21.57	23.49	21.21	23.11
7	21.58	22.18	22.44	22.50	21.85	24.28	21.28	23.11
8	21.64	22.84	22.70	22.51	22.18	25.05	21.41	23.10
9	21.74	23.51	22.97	22.54	22.56	25.77	21.57	23.10
10	21.86	24.17	23.27	22.57	22.96	26.45	21.77	23.10
11	22.02	24.82	23.58	22.62	23.40	27.10	22.00	23.09
12	22.20	25.44	23.88	22.68	23.83	27.71	22.27	23.08
13	22.40	26.04	24.20	22.75	24.28	28.28	22.56	23.08
14	22.61	26.61	24.51	22.83	24.74	28.84	22.86	23.08
15	22.84	27.17	24.83	22.93	25.20	29.37	23.19	23.07
16	23.06	27.69	25.13	23.03	25.66	29.87	23.54	23.07
17	23.31	28.20	25.44	23.13	26.12	30.36	23.89	23.07
18	23.56	28.69	25.73	23.26	26.58	30.83	24.25	23.06
19	23.81	29.16	26.02	23.37	27.03	31.28	24.62	23.07
20	24.07	29.60	26.30	23.49	27.48	31.72	25.00	23.07
21	24.33	30.03	26.57	23.62	27.93	32.15	25.37	23.07
22	24.60	30.44	26.84	23.76	28.37	32.54	25.74	23.07
23	24.86	30.72	27.08	23.89	28.80	32.71	26.12	23.08
24	25.12	30.83	27.26	24.03	29.18	32.64	26.49	23.09
25	25.37	30.77	27.39	24.17	29.49	32.41	26.83	23.11
26	25.60	30.58	27.45	24.30	29.72	32.09	27.13	23.12
27	25.81	30.31	27.46	24.42	29.88	31.73	27.40	23.14
28	25.98	29.99	27.43	24.54	29.97	31.35	27.61	23.16
29	26.12	29.64	27.37	24.65	30.01	30.99	27.77	23.18
30	26.23	29.29	27.28	24.74	30.02	30.64	27.89	23.20
31	26.31	28.94	27.19	24.81	29.98	30.32	27.98	23.23
32	26.36	28.59	27.10	24.89	29.92	30.02	28.03	23.27
33	26.39	28.26	27.02	24.98	29.83	29.73	28.07	23.32
34	26.39	27.94	26.92	25.03	29.73	29.47	28.07	23.37
35	26.39	27.65	26.82	25.09	29.62	29.25	28.05	23.41
36	26.37	27.38	26.71	25.13	29.51	29.03	28.01	23.45
37	26.36	27.13	26.62	25.16	29.39	28.84	27.95	23.50
38	26.33	26.90	26.53	25.19	29.27	28.67	27.88	23.55
39	26.30	26.69	26.44	25.21	29.15	28.50	27.79	23.59
40	26.26	26.50	26.36	25.23	29.04	28.36	27.71	23.64
41	26.22	26.31	26.27	25.24	28.92	28.22	27.61	23.68
42	26.18	26.16	26.20	25.24	28.79	28.17	27.51	23.72
43	26.13	26.19	26.16	25.25	28.69	28.43	27.41	23.77
44	26.09	26.40	26.18	25.26	28.66	28.95	27.34	23.81
45	26.06	26.78	26.25	25.27	28.71	29.62	27.28	23.86
46	26.06	27.27	26.39	25.28	28.84	30.35	27.27	23.90
47	26.08	27.83	26.57	25.30	29.06	31.08	27.30	23.94
48	26.13	28.43	26.79	25.33	29.33	31.80	27.38	23.99
49	26.23	29.04	27.05	25.36	29.65	32.48	27.49	24.02
50	26.35	29.64	27.32	25.42	30.01	33.13	27.66	24.06
51	26.50	30.24	27.60	25.48	30.39	33.73	27.85	24.10
52	26.67	30.81	27.90	25.56	30.77	34.30	28.06	24.14
53	26.85	31.37	28.20	25.65	31.17	34.85	28.32	24.18
54	27.06	31.91	28.50	25.74	31.58	35.36	28.59	24.21
55	27.27	32.42	28.80	25.86	32.00	35.85	28.88	24.25
56	27.50	32.92	29.10	25.97	32.41	36.31	29.19	24.28
57	27.73	33.39	29.39	26.08	32.82	36.76	29.51	24.31
58	27.98	33.85	29.68	26.22	33.24	37.19	29.83	24.35
59	28.22	34.28	29.96	26.35	33.65	37.60	30.16	24.38
60	28.47	34.70	30.24	26.50	34.06	38.00	30.50	24.42
61	28.72	35.10	30.51	26.64	34.46	38.39	30.85	24.45
62	28.98	35.48	30.78	26.78	34.86	38.75	31.19	24.49
63	29.23	35.75	31.02	26.92	35.25	38.88	31.54	24.53
64	29.48	35.84	31.20	27.08	35.58	38.78	31.88	24.57
65	29.72	35.77	31.32	27.22	35.85	38.52	32.19	24.62
66	29.95	35.58	31.39	27.37	36.05	38.17	32.47	24.67
67	30.15	35.31	31.39	27.51	36.18	37.78	32.70	24.71
68	30.31	34.98	31.36	27.64	36.24	37.38	32.89	24.76
69	30.45	34.62	31.30	27.75	36.24	36.98	33.03	24.80
70	30.55	34.26	31.21	27.86	36.21	36.61	33.13	24.85
71	30.63	33.89	31.12	27.95	36.15	36.26	33.18	24.90
72	30.68	33.54	31.01	28.03	36.06	35.93	33.20	24.96
73	30.72	33.20	30.89	28.09	35.96	35.64	33.19	25.01
74	30.72	32.89	30.78	28.15	35.83	35.36	33.16	25.07
75	30.72	32.59	30.66	28.20	35.70	35.11	33.10	25.13
76	30.71	32.32	30.55	28.24	35.57	34.87	33.03	25.18
77	30.69	32.05	30.43	28.27	35.43	34.66	32.94	25.24
78	30.65	31.81	30.33	28.30	35.28	34.46	32.83	25.30
79	30.63	31.59	30.23	28.32	35.14	34.27	32.72	25.36
80	30.58	31.39	30.13	28.33	34.99	34.11	32.60	25.43
81	30.54	31.20	30.04	28.34	34.85	33.94	32.48	25.49
82	30.49	31.05	29.97	28.35	34.70	33.84	32.35	25.54
83	30.45	31.02	29.90	28.36	34.57	34.04	32.22	25.60
84	30.41	31.20	29.90	28.36	34.50	34.50	32.11	25.66
85	30.37	31.53	29.96	28.36	34.51	35.12	32.03	25.71
86	30.36	32.00	30.08	28.38	34.61	35.80	31.99	25.77
87	30.38	32.52	30.26	28.40	34.79	36.52	31.99	25.82
88	30.43	33.09	30.46	28.42	35.03	37.20	32.04	25.87
89	30.51	33.68	30.71	28.46	35.32	37.86	32.13	25.93
90	30.62	34.27	30.97	28.51	35.64	38.49	32.26	25.97
91	30.76	34.85	31.25	28.56	35.98	39.08	32.43	26.02
92	30.92	35.41	31.53	28.64	36.34	39.63	32.61	26.06
93	31.10	35.94	31.83	28.73	36.72	40.15	32.84	26.11
94	31.29	36.46	32.12	28.82	37.10	40.64	33.09	26.16
95	31.49	36.96	32.41	28.93	37.48	41.10	33.36	26.21
96	31.71	37.43	32.71	29.03	37.87	41.55	33.63	26.25
97	31.94	37.90	32.99	29.16	38.26	41.97	33.93	26.29
98	32.17	38.33	33.28	29.29	38.64	42.38	34.23	26.33
99	32.41	38.76	33.55	29.43	39.03	42.77	34.55	26.38
100	32.65	39.16	33.82	29.55	39.42	43.15	34.87	26.42
101	32.90	39.55	34.09	29.70	39.79	43.51	35.20	26.47
102	33.14	39.92	34.35	29.83	40.16	43.84	35.53	26.51
103	33.39	40.18	34.58	29.98	40.52	43.98	35.85	26.55
104	33.63	40.29	34.77	30.13	40.84	43.88	36.16	26.60
105	33.87	40.22	34.89	30.28	41.10	43.61	36.46	26.65
106	34.09	40.03	34.95	30.42	41.27	43.25	36.72	26.70
107	34.28	39.75	34.95	30.56	41.38	42.85	36.94	26.75
108	34.44	39.42	34.91	30.68	41.42	42.43	37.12	26.81
109	34.57	39.06	34.85	30.80	41.41	42.01	37.24	26.86
110	34.66	38.69	34.76	30.90	41.36	41.62	37.32	26.92
111	34.73	38.32	34.66	30.99	41.28	41.25	37.36	26.97
112	34.78	37.97	34.54	31.07	41.17	40.91	37.36	27.03
113	34.81	37.62	34.42	31.13	41.05	40.59	37.34	27.09
114	34.82	37.30	34.29	31.19	40.91	40.29	37.29	27.16
115	34.81	36.99	34.17	31.23	40.76	40.02	37.22	27.21
116	34.80	36.70	34.05	31.27	40.61	39.77	37.13	27.28
117	34.77	36.44	33.93	31.30	40.44	39.53	37.02	27.35
118	34.74	36.19	33.82	31.32	40.28	39.32	36.89	27.41
119	34.70	35.96	33.71	31.34	40.12	39.11	36.77	27.47
120	34.65	35.75	33.60	31.34	39.96	38.92	36.63	27.54
121	34.60	35.55	33.50	31.36	39.79	38.74	36.49	27.60
122	34.55	35.36	33.41	31.36	39.63	38.58	36.34	27.67
123	34.49	35.28	33.33	31.36	39.47	38.64	36.20	27.73
124	34.44	35.38	33.30	31.36	39.36	39.00	36.07	27.78
125	34.39	35.65	33.33	31.36	39.31	39.55	35.95	27.85
126	34.37	36.06	33.42	31.36	39.37	40.20	35.87	27.90
127	34.36	36.55	33.57	31.37	39.50	40.88	35.85	27.96
128	34.40	37.09	33.77	31.39	39.70	41.55	35.86	28.01
129	34.46	37.66	33.99	31.42	39.95	42.20	35.92	28.06
130	34.55	38.23	34.24	31.46	40.23	42.81	36.03	28.12
131	34.68	38.79	34.51	31.51	40.55	43.38	36.17	28.17
132	34.82	39.35	34.78	31.58	40.88	43.93	36.34	28.22
133	34.98	39.87	35.06	31.66	41.22	44.43	36.54	28.26
134	35.17	40.38	35.35	31.74	41.58	44.92	36.76	28.31
135	35.36	40.87	35.64	31.84	41.94	45.37	37.01	28.35
136	35.56	41.34	35.92	31.94	42.31	45.80	37.27	28.40
137	35.78	41.79	36.21	32.05	42.67	46.21	37.55	28.44
138	35.99	42.22	36.48	32.17	43.04	46.60	37.83	28.48
139	36.22	42.63	36.76	32.31	43.40	46.98	38.13	28.53
140	36.45	43.03	37.02	32.43	43.77	47.34	38.43	28.58
141	36.68	43.41	37.28	32.57	44.12	47.69	38.74	28.62
142	36.91	43.77	37.54	32.70	44.48	48.02	39.06	28.67
143	37.15	44.08	37.78	32.84	44.82	48.24	39.37	28.72
144	37.38	44.23	37.98	32.99	45.15	48.21	39.68	28.76
145	37.61	44.22	38.12	33.12	45.41	47.99	39.97	28.81
146	37.83	44.07	38.20	33.27	45.60	47.66	40.23	28.86
147	38.02	43.81	38.22	33.40	45.71	47.25	40.46	28.91
148	38.18	43.49	38.19	33.53	45.76	46.82	40.63	28.97
149	38.32	43.14	38.13	33.64	45.76	46.39	40.76	29.01
150	38.41	42.77	38.04	33.74	45.71	45.97	40.84	29.07
151	38.49	42.39	37.94	33.83	45.62	45.58	40.89	29.13
152	38.53	42.02	37.81	33.91	45.50	45.21	40.89	29.19
153	38.56	41.67	37.69	33.97	45.37	44.86	40.86	29.25
154	38.57	41.33	37.55	34.02	45.22	44.54	40.81	29.31
155	38.56	41.00	37.41	34.07	45.06	44.24	40.73	29.38
156	38.53	40.70	37.29	34.10	44.89	43.97	40.63	29.43
157	38.50	40.42	37.16	34.13	44.71	43.70	40.51	29.50
158	38.46	40.16	37.03	34.15	44.54	43.47	40.39	29.57
159	38.42	39.92	36.92	34.16	44.36	43.25	40.25	29.62
160	38.37	39.68	36.79	34.17	44.18	43.03	40.10	29.69
161	38.31	39.47	36.68	34.18	44.00	42.83	39.95	29.75
162	38.25	39.27	36.58	34.18	43.82	42.65	39.79	29.81
163	38.19	39.16	36.49	34.17	43.64	42.68	39.64	29.88
164	38.13	39.23	36.45	34.17	43.51	43.02	39.48	29.94
165	38.07	39.49	36.47	34.16	43.45	43.54	39.36	29.99
166	38.03	39.86	36.55	34.16	43.48	44.16	39.27	30.05
167	38.02	40.33	36.68	34.16	43.58	44.81	39.23	30.11
168	38.04	40.86	36.86	34.17	43.76	45.46	39.24	30.16
169	38.09	41.40	37.08	34.19	43.99	46.08	39.28	30.22
170	38.17	41.95	37.32	34.22	44.26	46.66	39.37	30.27
171	38.28	42.49	37.57	34.27	44.55	47.22	39.49	30.32
172	38.41	43.02	37.84	34.33	44.86	47.74	39.65	30.36
173	38.57	43.53	38.11	34.40	45.18	48.23	39.84	30.41
174	38.73	44.02	38.39	34.48	45.51	48.69	40.05	30.46
175	38.92	44.49	38.67	34.57	45.85	49.12	40.28	30.51
176	39.11	44.95	38.95	34.67	46.20	49.53	40.53	30.55
177	39.31	45.38	39.23	34.78	46.54	49.92	40.80	30.60
178	39.52	45.79	39.50	34.89	46.88	50.29	41.08	30.64
179	39.73	46.18	39.77	35.01	47.23	50.65	41.36	30.68
180	39.95	46.56	40.03	35.13	47.57	50.99	41.66	30.73
181	40.17	46.92	40.28	35.26	47.91	51.32	41.95	30.77
182	40.38	47.27	40.52	35.39	48.24	51.65	42.25	30.82
183	40.61	47.58	40.76	35.53	48.58	51.89	42.55	30.86
184	40.83	47.76	40.96	35.66	48.89	51.90	42.85	30.91
185	41.06	47.77	41.11	35.80	49.15	51.72	43.13	30.96
186	41.26	47.64	41.19	35.93	49.34	51.39	43.38	31.00
187	41.45	47.39	41.21	36.06	49.45	50.98	43.61	31.05
188	41.60	47.08	41.19	36.19	49.50	50.54	43.78	31.10
189	41.73	46.72	41.13	36.30	49.49	50.10	43.91	31.16
190	41.83	46.34	41.04	36.40	49.43	49.67	43.99	31.20
191	41.89	45.95	40.93	36.48	49.34	49.25	44.03	31.27
192	41.93	45.57	40.79	36.56	49.22	48.86	44.03	31.32
193	41.95	45.20	40.66	36.62	49.07	48.49	44.00	31.38
194	41.95	44.85	40.52	36.67	48.92	48.16	43.93	31.44
195	41.94	44.51	40.38	36.71	48.74	47.84	43.85	31.50
196	41.91	44.20	40.24	36.74	48.56	47.55	43.74	31.57
197	41.87	43.90	40.10	36.77	48.38	47.27	43.62	31.62
198	41.82	43.62	39.96	36.78	48.18	47.02	43.48	31.69
199	41.77	43.36	39.83	36.79	47.99	46.77	43.33	31.75
200	41.70	43.11	39.70	36.79	47.79	46.55	43.17	31.82
201	41.64	42.89	39.57	36.79	47.60	46.33	43.00	31.88
202	41.57	42.67	39.46	36.79	47.41	46.12	42.83	31.94
203	41.50	42.53	39.35	36.78	47.22	46.08	42.66	32.00
204	41.43	42.56	39.29	36.77	47.05	46.35	42.50	32.05
205	41.36	42.77	39.29	36.75	46.96	46.82	42.36	32.11
206	41.31	43.10	39.35	36.75	46.96	47.41	42.25	32.17
207	41.29	43.54	39.46	36.75	47.05	48.04	42.19	32.23
208	41.29	44.04	39.63	36.75	47.20	48.66	42.18	32.28
209	41.32	44.56	39.82	36.75	47.40	49.27	42.20	32.33
210	41.39	45.09	40.05	36.78	47.64	49.85	42.27	32.39
211	41.48	45.62	40.30	36.82	47.91	50.40	42.38	32.43
212	41.60	46.13	40.55	36.87	48.20	50.90	42.53	32.48
213	41.74	46.62	40.82	36.93	48.50	51.38	42.70	32.52
214	41.89	47.11	41.09	37.01	48.82	51.82	42.89	32.57
215	42.05	47.56	41.36	37.09	49.14	52.24	43.11	32.61
216	42.23	48.01	41.63	37.18	49.46	52.64	43.35	32.66
217	42.42	48.43	41.90	37.29	49.79	53.02	43.60	32.69
218	42.62	48.83	42.16	37.39	50.11	53.38	43.86	32.74
219	42.81	49.21	42.42	37.51	50.45	53.72	44.13	32.78
220	43.02	49.58	42.67	37.63	50.77	54.05	44.41	32.82
221	43.22	49.92	42.92	37.75	51.09	54.37	44.70	32.86
222	43.43	50.25	43.16	37.88	51.40	54.68	44.99	32.90
223	43.64	50.54	43.40	38.01	51.72	54.89	45.28	32.95
224	43.85	50.67	43.59	38.13	52.01	54.85	45.56	32.99
225	44.06	50.65	43.72	38.27	52.24	54.62	45.83	33.04
226	44.24	50.48	43.79	38.40	52.41	54.27	46.07	33.09
227	44.41	50.22	43.81	38.53	52.50	53.85	46.28	33.13
228	44.55	49.89	43.77	38.65	52.53	53.40	46.44	33.18
229	44.67	49.52	43.70	38.75	52.50	52.95	46.55	33.24
230	44.75	49.13	43.60	38.85	52.42	52.51	46.61	33.28
231	44.80	48.74	43.48	38.92	52.31	52.09	46.63	33.34
232	44.83	48.36	43.34	38.99	52.17	51.70	46.62	33.39
233	44.83	47.99	43.20	39.05	52.02	51.33	46.57	33.44
234	44.82	47.64	43.05	39.09	51.84	50.98	46.49	33.51
235	44.79	47.29	42.90	39.12	51.67	50.67	46.39	33.56
236	44.75	46.98	42.75	39.15	51.47	50.36	46.27	33.62
237	44.69	46.68	42.60	39.16	51.27	50.08	46.13	33.68
238	44.63	46.41	42.46	39.17	51.07	49.86	45.98	33.74
239	44.57	46.20	42.33	39.17	50.88	49.70	45.82	33.80
240	44.49	46.00	42.22	39.17	50.69	49.52	45.66	33.86
241	44.42	45.81	42.10	39.17	50.51	49.33	45.50	33.92
242	44.35	45.62	41.99	39.16	50.33	49.13	45.33	33.98
243	44.28	45.46	41.89	39.14	50.15	49.04	45.17	34.04
244	44.21	45.46	41.82	39.13	49.99	49.24	45.01	34.09
245	44.14	45.64	41.81	39.11	49.89	49.67	44.87	34.15
246	44.09	45.95	41.86	39.10	49.87	50.22	44.76	34.20
247	44.06	46.36	41.97	39.09	49.93	50.82	44.70	34.26
248	44.05	46.83	42.12	39.09	50.06	51.43	44.67	34.31
249	44.07	47.34	42.31	39.10	50.25	52.01	44.69	34.35
250	44.13	47.84	42.53	39.12	50.47	52.58	44.76	34.40
251	44.21	48.35	42.76	39.15	50.73	53.10	44.86	34.44
252	44.32	48.85	43.01	39.20	51.00	53.59	45.00	34.49
253	44.45	49.33	43.27	39.26	51.29	54.06	45.16	34.53
254	44.59	49.79	43.54	39.32	51.59	54.49	45.35	34.57
255	44.75	50.23	43.80	39.40	51.90	54.91	45.56	34.61
256	44.91	50.66	44.06	39.49	52.21	55.29	45.79	34.65
257	45.09	51.06	44.32	39.58	52.53	55.65	46.02	34.69
258	45.28	51.45	44.58	39.68	52.84	56.00	46.28	34.73
259	45.46	51.81	44.84	39.79	53.15	56.34	46.55	34.77
260	45.66	52.16	45.09	39.91	53.46	56.66	46.82	34.81
261	45.85	52.50	45.33	40.02	53.77	56.97	47.09	34.85
262	46.05	52.81	45.57	40.15	54.08	57.27	47.38	34.89
263	46.25	53.10	45.80	40.27	54.38	57.51	47.66	34.93
264	46.45	53.29	46.00	40.40	54.67	57.55	47.94	34.97
265	46.65	53.30	46.15	40.52	54.91	57.37	48.20	35.01
266	46.83	53.17	46.24	40.66	55.09	57.05	48.44	35.05
267	47.00	52.93	46.26	40.78	55.20	56.64	48.65	35.09
268	47.14	52.61	46.24	40.89	55.23	56.19	48.82	35.14
269	47.25	52.25	46.17	41.00	55.21	55.72	48.93	35.19
270	47.33	51.85	46.07	41.09	55.14	55.27	49.00	35.24
271	47.38	51.46	45.94	41.17	55.03	54.83	49.03	35.29
272	47.41	51.06	45.81	41.23	54.89	54.43	49.01	35.34
273	47.41	50.68	45.65	41.29	54.73	54.04	48.96	35.40
274	47.39	50.31	45.50	41.33	54.55	53.67	48.89	35.45
275	47.36	49.96	45.34	41.36	54.36	53.33	48.79	35.51
276	47.32	49.63	45.18	41.38	54.16	53.02	48.66	35.56
277	47.26	49.32	45.02	41.39	53.95	52.73	48.52	35.62
278	47.19	49.02	44.87	41.39	53.74	52.44	48.37	35.68
279	47.12	48.75	44.72	41.39	53.53	52.18	48.20	35.73
280	47.05	48.49	44.57	41.39	53.31	51.93	48.02	35.79
281	46.96	48.25	44.43	41.38	53.10	51.69	47.84	35.84
282	46.88	48.01	44.29	41.36	52.88	51.47	47.65	35.90
283	46.79	47.82	44.16	41.34	52.67	51.31	47.46	35.96
284	46.70	47.76	44.07	41.32	52.48	51.45	47.28	36.01
285	46.61	47.89	44.03	41.29	52.34	51.83	47.11	36.06
286	46.54	48.17	44.05	41.26	52.29	52.36	46.97	36.11
287	46.49	48.55	44.14	41.25	52.31	52.95	46.88	36.16
288	46.46	49.01	44.27	41.24	52.42	53.55	46.83	36.21
289	46.47	49.49	44.45	41.23	52.57	54.14	46.84	36.26
290	46.51	50.00	44.66	41.24	52.77	54.69	46.88	36.30
291	46.57	50.50	44.88	41.27	53.01	55.22	46.96	36.34
292	46.66	50.99	45.12	41.30	53.27	55.71	47.08	36.38
293	46.78	51.47	45.38	41.35	53.54	56.18	47.22	36.42
294	46.90	51.93	45.64	41.41	53.83	56.61	47.40	36.46
295	47.05	52.37	45.90	41.48	54.12	57.02	47.60	36.50
296	47.20	52.80	46.16	41.56	54.42	57.40	47.82	36.54
297	47.37	53.20	46.42	41.65	54.72	57.76	48.04	36.57
298	47.54	53.58	46.68	41.75	55.03	58.11	48.29	36.60
299	47.72	53.93	46.93	41.85	55.33	58.44	48.55	36.64
300	47.90	54.28	47.18	41.96	55.63	58.76	48.81	36.67
301	48.09	54.61	47.42	42.07	55.92	59.05	49.08	36.71
302	48.28	54.93	47.65	42.18	56.22	59.35	49.35	36.74
303	48.46	55.22	47.88	42.30	56.52	59.60	49.62	36.78
304	48.65	55.42	48.09	42.42	56.80	59.68	49.90	36.82
305	48.84	55.45	48.24	42.55	57.04	59.53	50.16	36.85
306	49.03	55.34	48.34	42.67	57.23	59.22	50.40	36.90
307	49.18	55.11	48.37	42.79	57.33	58.82	50.61	36.94
308	49.32	54.80	48.35	42.90	57.37	58.37	50.78	36.98
309	49.43	54.44	48.28	43.01	57.36	57.90	50.90	37.02
310	49.50	54.05	48.18	43.10	57.29	57.44	50.97	37.07
311	49.55	53.65	48.05	43.18	57.18	57.00	51.00	37.12
312	49.58	53.26	47.91	43.24	57.04	56.57	50.98	37.16
313	49.58	52.86	47.75	43.29	56.87	56.18	50.94	37.21
314	49.56	52.50	47.59	43.33	56.69	55.81	50.86	37.26
315	49.52	52.14	47.43	43.36	56.50	55.46	50.75	37.31
316	49.47	51.80	47.26	43.38	56.29	55.13	50.63	37.36
317	49.41	51.48	47.10	43.39	56.08	54.83	50.48	37.41
318	49.34	51.18	46.94	43.39	55.86	54.54	50.32	37.47
319	49.27	50.90	46.78	43.38	55.64	54.27	50.15	37.53
320	49.18	50.63	46.63	43.37	55.43	54.01	49.97	37.58
321	49.09	50.38	46.48	43.36	55.21	53.76	49.79	37.63
322	49.00	50.15	46.34	43.33	54.99	53.53	49.60	37.68
323	48.91	49.94	46.21	43.31	54.76	53.36	49.40	37.73
324	48.82	49.87	46.10	43.28	54.57	53.47	49.22	37.78
325	48.72	49.98	46.05	43.25	54.42	53.83	49.03	37.84
326	48.64	50.24	46.06	43.22	54.35	54.33	48.89	37.87
327	48.58	50.61	46.14	43.20	54.36	54.91	48.80	37.92
328	48.54	51.04	46.27	43.18	54.44	55.50	48.74	37.96
329	48.54	51.52	46.43	43.17	54.58	56.08	48.73	38.01
330	48.57	52.00	46.63	43.18	54.78	56.63	48.77	38.04
331	48.63	52.50	46.85	43.19	55.00	57.15	48.85	38.09
332	48.72	52.98	47.09	43.22	55.25	57.63	48.96	38.12
333	48.82	53.45	47.34	43.27	55.51	58.09	49.11	38.16
334	48.94	53.90	47.59	43.32	55.79	58.51	49.27	38.20
335	49.07	54.32	47.85	43.38	56.08	58.92	49.46	38.23
336	49.22	54.73	48.10	43.46	56.37	59.29	49.68	38.26
337	49.37	55.13	48.35	43.54	56.66	59.64	49.90	38.30
338	49.54	55.49	48.61	43.63	56.96	59.98	50.14	38.33
339	49.71	55.84	48.85	43.72	57.25	60.31	50.40	38.36
340	49.88	56.18	49.10	43.82	57.54	60.61	50.65	38.40
341	50.05	56.49	49.34	43.93	57.84	60.91	50.92	38.43
342	50.23	56.80	49.57	44.02	58.13	61.19	51.17	38.45
343	50.42	57.09	49.79	44.14	58.41	61.46	51.45	38.49
344	50.60	57.32	50.00	44.25	58.69	61.59	51.71	38.52
345	50.78	57.40	50.17	44.38	58.94	61.52	51.98	38.55
346	50.96	57.33	50.27	44.49	59.14	61.25	52.22	38.59
347	51.11	57.12	50.31	44.60	59.26	60.86	52.43	38.63
348	51.25	56.83	50.29	44.71	59.32	60.42	52.61	38.67
349	51.36	56.47	50.23	44.81	59.31	59.94	52.74	38.71
350	51.45	56.09	50.14	44.90	59.25	59.47	52.81	38.75
351	51.49	55.69	50.01	44.98	59.14	59.01	52.85	38.79
352	51.51	55.29	49.86	45.04	59.00	58.58	52.84	38.84
353	51.51	54.89	49.70	45.08	58.84	58.16	52.79	38.88
354	51.49	54.51	49.53	45.12	58.66	57.78	52.72	38.94
355	51.45	54.14	49.35	45.14	58.46	57.41	52.61	38.98
356	51.40	53.80	49.18	45.15	58.25	57.07	52.48	39.04
357	51.34	53.47	49.01	45.16	58.03	56.75	52.34	39.08
358	51.27	53.16	48.84	45.16	57.81	56.45	52.18	39.13
359	51.19	52.86	48.67	45.15	57.59	56.16	52.01	39.18
360	51.10	52.59	48.51	45.13	57.36	55.90	51.82	39.23
361	51.01	52.33	48.34	45.10	57.13	55.64	51.63	39.28
362	50.91	52.08	48.19	45.08	56.91	55.39	51.44	39.33
363	50.81	51.85	48.04	45.05	56.68	55.17	51.23	39.38
364	50.71	51.72	47.91	45.01	56.47	55.17	51.04	39.42
365	50.61	51.76	47.84	44.98	56.29	55.45	50.85	39.47
366	50.52	51.96	47.82	44.94	56.18	55.90	50.69	39.51
367	50.44	52.29	47.87	44.91	56.16	56.45	50.57	39.56
368	50.39	52.70	47.97	44.88	56.22	57.03	50.50	39.60
369	50.37	53.15	48.12	44.86	56.34	57.60	50.47	39.64
370	50.39	53.63	48.30	44.85	56.51	58.16	50.49	39.67
371	50.43	54.11	48.50	44.86	56.71	58.67	50.55	39.71
372	50.49	54.59	48.74	44.87	56.94	59.16	50.64	39.74
373	50.58	55.06	48.97	44.91	57.19	59.61	50.77	39.78
374	50.69	55.50	49.22	44.95	57.45	60.04	50.92	39.81
375	50.81	55.93	49.46	45.00	57.72	60.44	51.10	39.84
376	50.95	56.34	49.71	45.06	58.00	60.82	51.30	39.87
377	51.10	56.72	49.96	45.14	58.30	61.18	51.52	39.89
378	51.25	57.10	50.21	45.22	58.57	61.50	51.74	39.92
379	51.41	57.45	50.45	45.31	58.86	61.82	51.98	39.94
380	51.58	57.78	50.69	45.40	59.14	62.12	52.23	39.97
381	51.75	58.09	50.92	45.50	59.42	62.42	52.48	40.00
382	51.92	58.39	51.15	45.60	59.70	62.69	52.74	40.03
383	52.08	58.68	51.37	45.71	59.97	62.96	53.00	40.05
384	52.26	58.91	51.58	45.82	60.25	63.11	53.27	40.08
385	52.43	59.00	51.75	45.93	60.49	63.03	53.54	40.12
386	52.61	58.93	51.85	46.04	60.69	62.76	53.77	40.15
387	52.76	58.73	51.89	46.16	60.81	62.39	53.98	40.18
388	52.89	58.44	51.88	46.26	60.86	61.94	54.15	40.21
389	52.99	58.09	51.81	46.36	60.85	61.47	54.28	40.25
390	53.07	57.70	51.71	46.44	60.79	61.00	54.36	40.29
391	53.11	57.30	51.58	46.51	60.68	60.53	54.39	40.32
392	53.14	56.90	51.43	46.57	60.54	60.09	54.38	40.36
393	53.13	56.50	51.26	46.61	60.38	59.68	54.33	40.41
394	53.11	56.11	51.09	46.64	60.19	59.29	54.24	40.45
395	53.06	55.74	50.91	46.66	59.98	58.92	54.14	40.49
396	53.01	55.39	50.73	46.67	59.77	58.57	54.01	40.53
397	52.94	55.06	50.55	46.67	59.55	58.25	53.86	40.58
398	52.86	54.74	50.37	46.66	59.32	57.94	53.69	40.63
399	52.77	54.44	50.20	46.64	59.10	57.65	53.52	40.67
400	52.68	54.16	50.03	46.62	58.86	57.38	53.33	40.72
401	52.58	53.90	49.87	46.60	58.63	57.12	53.13	40.76
402	52.48	53.65	49.71	46.57	58.40	56.87	52.93	40.81
