# 
#   F                Messwinkel
#   L/min    15°       30°         60°   
#
# 7mm Innendurchmesser:
#
2           55          195         378
3           146         342         647
4           244         525         989
5           354         732         1385
6           452         964         1843
7.5         647         1367        2515
#
# 10mm Innendurchmesser:
#
2           -49         85          -122
3           -73         134         -220
4           -110        208         -342
5           -146        305         -464
6           -183        403         -647
7.5         -256        598         -879
#
# 16mm Innendurchmesser:
#
2           49          49          61
3           61          73          122
4           73          110         183
5           98          134         256
6           110         171         342
7.5         171         256         500


